1	1	18
1	2	13
1	3	17
1	4	10
1	5	11
1	6	18
1	7	15
1	8	17
1	9	16
1	10	14
1	11	14
1	12	13
1	13	13
1	14	17
1	15	10
1	16	14
1	17	15
1	18	11
1	19	18
1	20	19
1	21	10
1	22	11
1	23	10
1	24	13
1	25	18
1	26	15
1	27	19
1	28	16
1	29	14
1	30	19
1	31	18
1	32	15
1	33	15
1	34	13
1	35	10
2	2	14
2	3	10
2	4	18
2	5	11
2	6	13
2	7	11
2	8	18
2	9	15
2	10	16
2	11	13
2	12	13
2	13	11
2	14	10
2	15	10
2	16	11
2	17	19
2	18	11
2	19	16
2	20	16
2	21	16
2	22	16
2	23	14
2	24	19
2	25	15
2	26	19
2	27	19
2	28	18
2	29	12
2	30	18
2	31	11
2	32	11
2	33	15
2	34	16
2	35	10
3	3	13
3	4	13
3	5	13
3	6	11
3	7	10
3	8	12
3	9	11
3	10	15
3	11	16
3	12	10
3	13	14
3	14	15
3	15	16
3	16	15
3	17	16
3	18	14
3	19	16
3	20	18
3	21	13
3	22	11
3	23	14
3	24	16
3	25	18
3	26	12
3	27	19
3	28	17
3	29	19
3	30	11
3	31	14
3	32	13
3	33	14
3	34	19
3	35	12
4	4	10
4	5	18
4	6	19
4	7	12
4	8	18
4	9	16
4	10	19
4	11	11
4	12	12
4	13	11
4	14	11
4	15	18
4	16	16
4	17	17
4	18	11
4	19	16
4	20	19
4	21	13
4	22	11
4	23	11
4	24	14
4	25	10
4	26	19
4	27	10
4	28	19
4	29	17
4	30	12
4	31	16
4	32	10
4	33	13
4	34	12
4	35	11
5	5	12
5	6	19
5	7	13
5	8	19
5	9	12
5	10	11
5	11	17
5	12	11
5	13	14
5	14	16
5	15	11
5	16	15
5	17	16
5	18	14
5	19	15
5	20	13
5	21	10
5	22	12
5	23	13
5	24	18
5	25	13
5	26	13
5	27	17
5	28	16
5	29	19
5	30	11
5	31	13
5	32	14
5	33	17
5	34	12
5	35	17
6	6	11
6	7	12
6	8	17
6	9	10
6	10	12
6	11	11
6	12	16
6	13	19
6	14	11
6	15	19
6	16	11
6	17	12
6	18	18
6	19	13
6	20	19
6	21	13
6	22	14
6	23	17
6	24	10
6	25	15
6	26	16
6	27	16
6	28	17
6	29	14
6	30	15
6	31	17
6	32	10
6	33	15
6	34	19
6	35	19
7	7	10
7	8	12
7	9	16
7	10	13
7	11	11
7	12	12
7	13	18
7	14	13
7	15	13
7	16	11
7	17	17
7	18	18
7	19	14
7	20	14
7	21	11
7	22	18
7	23	12
7	24	12
7	25	13
7	26	16
7	27	10
7	28	16
7	29	13
7	30	11
7	31	14
7	32	19
7	33	16
7	34	10
7	35	13
8	8	16
8	9	14
8	10	17
8	11	16
8	12	16
8	13	12
8	14	14
8	15	10
8	16	19
8	17	15
8	18	10
8	19	14
8	20	10
8	21	13
8	22	14
8	23	13
8	24	15
8	25	12
8	26	15
8	27	13
8	28	18
8	29	15
8	30	19
8	31	12
8	32	17
8	33	14
8	34	16
8	35	12
9	9	12
9	10	13
9	11	13
9	12	12
9	13	10
9	14	12
9	15	14
9	16	19
9	17	18
9	18	10
9	19	11
9	20	19
9	21	18
9	22	13
9	23	12
9	24	12
9	25	15
9	26	15
9	27	14
9	28	17
9	29	16
9	30	12
9	31	16
9	32	16
9	33	15
9	34	12
9	35	13
10	10	19
10	11	11
10	12	10
10	13	19
10	14	10
10	15	15
10	16	13
10	17	17
10	18	10
10	19	11
10	20	17
10	21	10
10	22	13
10	23	15
10	24	19
10	25	18
10	26	12
10	27	10
10	28	12
10	29	17
10	30	17
10	31	15
10	32	16
10	33	15
10	34	13
10	35	13
11	11	17
11	12	13
11	13	19
11	14	19
11	15	13
11	16	14
11	17	15
11	18	14
11	19	10
11	20	12
11	21	15
11	22	13
11	23	18
11	24	17
11	25	16
11	26	18
11	27	17
11	28	14
11	29	11
11	30	16
11	31	13
11	32	16
11	33	14
11	34	15
11	35	13
12	32	17
12	33	13
12	34	11
12	35	15
12	12	10
12	13	12
12	14	10
12	15	12
12	16	17
12	17	12
12	18	12
12	19	13
12	20	15
12	21	19
12	22	12
12	23	11
12	24	12
12	25	13
12	26	13
12	27	19
12	28	18
12	29	10
12	30	14
12	31	19
13	32	14
13	33	12
13	34	11
13	35	19
13	13	17
13	14	18
13	15	12
13	16	16
13	17	14
13	18	14
13	19	16
13	20	16
13	21	13
13	22	14
13	23	11
13	24	11
13	25	18
13	26	13
13	27	12
13	28	14
13	29	15
13	30	12
13	31	19
14	32	12
14	33	12
14	34	10
14	35	14
14	14	16
14	15	10
14	16	10
14	17	11
14	18	18
14	19	12
14	20	12
14	21	16
14	22	19
14	23	11
14	24	17
14	25	10
14	26	14
14	27	15
14	28	14
14	29	16
14	30	19
14	31	11
15	32	19
15	33	12
15	34	14
15	35	10
15	15	11
15	16	12
15	17	12
15	18	14
15	19	19
15	20	17
15	21	15
15	22	14
15	23	17
15	24	13
15	25	14
15	26	12
15	27	17
15	28	19
15	29	13
15	30	15
15	31	19
16	32	12
16	33	13
16	34	17
16	35	16
16	16	18
16	17	15
16	18	17
16	19	13
16	20	16
16	21	11
16	22	14
16	23	18
16	24	15
16	25	12
16	26	12
16	27	19
16	28	15
16	29	10
16	30	10
16	31	17
17	32	17
17	33	15
17	34	13
17	35	11
17	17	15
17	18	10
17	19	15
17	20	10
17	21	11
17	22	12
17	23	17
17	24	10
17	25	18
17	26	10
17	27	16
17	28	18
17	29	15
17	30	18
17	31	17
18	32	19
18	33	12
18	34	19
18	35	11
18	18	19
18	19	17
18	20	19
18	21	13
18	22	12
18	23	18
18	24	16
18	25	19
18	26	11
18	27	18
18	28	12
18	29	17
18	30	19
18	31	11
19	32	16
19	33	18
19	34	15
19	35	10
19	19	14
19	20	11
19	21	19
19	22	11
19	23	13
19	24	10
19	25	13
19	26	10
19	27	16
19	28	17
19	29	11
19	30	11
19	31	12
20	32	18
20	33	11
20	34	16
20	35	17
20	20	15
20	21	18
20	22	18
20	23	10
20	24	19
20	25	19
20	26	18
20	27	11
20	28	13
20	29	11
20	30	18
20	31	11
21	32	12
21	33	16
21	34	18
21	35	18
21	21	11
21	22	15
21	23	18
21	24	17
21	25	10
21	26	17
21	27	11
21	28	16
21	29	11
21	30	16
21	31	13
22	32	11
22	33	10
22	34	13
22	35	10
22	22	14
22	23	18
22	24	13
22	25	12
22	26	17
22	27	15
22	28	19
22	29	13
22	30	19
22	31	10
23	32	14
23	33	18
23	34	19
23	35	19
23	23	17
23	24	10
23	25	12
23	26	17
23	27	11
23	28	11
23	29	14
23	30	15
23	31	12
24	32	15
24	33	15
24	34	18
24	35	13
24	24	14
24	25	11
24	26	17
24	27	10
24	28	15
24	29	12
24	30	15
24	31	17
25	32	17
25	33	17
25	34	11
25	35	15
25	25	16
25	26	16
25	27	12
25	28	14
25	29	12
25	30	11
25	31	14
26	32	10
26	33	17
26	34	18
26	35	18
26	26	13
26	27	12
26	28	17
26	29	11
26	30	16
26	31	17
27	32	19
27	33	15
27	34	11
27	35	13
27	27	13
27	28	16
27	29	11
27	30	14
27	31	18
28	32	11
28	33	16
28	34	14
28	35	17
28	28	18
28	29	12
28	30	12
28	31	16
29	32	13
29	33	19
29	34	10
29	35	18
29	29	19
29	30	17
29	31	12
30	32	15
30	33	17
30	34	13
30	35	13
30	30	13
30	31	12
31	32	16
31	33	18
31	34	13
31	35	13
31	31	12
32	32	13
32	33	15
32	34	18
32	35	12
33	33	17
33	34	10
33	35	13
34	34	12
34	35	13
35	35	12
36	129	16
36	134	10
36	73	15
36	137	10
36	138	10
36	143	10
36	80	16
36	83	13
36	84	16
36	85	19
36	151	18
36	158	11
36	160	11
36	99	12
36	164	16
36	165	16
36	102	16
36	107	14
36	111	16
36	50	19
36	51	17
36	115	11
36	55	18
36	56	10
36	58	11
36	123	15
36	61	15
37	130	11
37	131	11
37	69	13
37	71	17
37	136	13
37	137	18
37	144	18
37	82	13
37	83	19
37	147	12
37	150	11
37	151	16
37	88	14
37	91	18
37	156	14
37	99	11
37	37	13
37	101	19
37	39	14
37	41	12
37	47	16
37	111	18
37	112	19
37	124	10
37	125	12
38	65	18
38	129	13
38	130	12
38	68	12
38	69	12
38	133	14
38	74	10
38	76	18
38	79	15
38	80	13
38	81	10
38	145	11
38	85	17
38	90	11
38	155	18
38	94	11
38	158	12
38	159	18
38	165	13
38	39	18
38	105	11
38	108	12
38	111	17
38	112	12
38	114	11
38	118	12
38	56	11
38	120	12
38	121	16
38	61	19
39	160	13
39	98	17
39	130	18
39	67	17
39	133	18
39	102	15
39	134	17
39	43	13
39	77	19
39	109	10
39	110	16
39	49	12
39	113	19
39	147	14
39	52	12
39	84	14
39	149	15
39	90	16
39	91	15
39	61	12
39	158	16
39	95	11
39	127	17
40	66	18
40	130	16
40	68	11
40	132	13
40	69	15
40	70	10
40	135	17
40	77	15
40	141	12
40	80	12
40	85	15
40	86	12
40	87	16
40	88	16
40	152	13
40	97	13
40	99	14
40	163	11
40	164	16
40	166	12
40	40	18
40	106	17
40	48	18
40	113	19
40	119	17
40	60	10
41	162	15
41	67	10
41	166	18
41	72	10
41	104	17
41	107	14
41	76	12
41	45	13
41	111	14
41	80	10
41	81	17
41	147	16
41	116	13
41	148	14
41	119	12
41	121	14
41	91	13
41	62	13
42	128	12
42	69	10
42	136	14
42	76	12
42	140	15
42	77	17
42	142	17
42	82	10
42	83	13
42	147	14
42	85	16
42	91	14
42	155	16
42	156	17
42	158	12
42	97	10
42	100	13
42	103	13
42	168	14
42	105	16
42	45	19
42	47	13
42	115	14
42	53	19
42	55	10
42	123	16
42	61	13
42	125	11
42	127	15
43	98	12
43	67	16
43	100	10
43	70	10
43	137	18
43	107	19
43	45	14
43	109	17
43	46	17
43	110	13
43	143	17
43	48	18
43	80	14
43	81	15
43	113	12
43	114	11
43	115	17
43	52	19
43	57	16
43	155	19
43	95	16
44	161	11
44	67	16
44	131	17
44	68	16
44	165	11
44	70	15
44	103	13
44	72	10
44	136	10
44	74	10
44	139	10
44	78	12
44	81	14
44	146	12
44	51	11
44	148	12
44	85	19
44	87	12
44	60	12
44	157	13
44	94	16
44	126	15
44	158	14
44	159	14
45	64	13
45	65	14
45	131	16
45	69	13
45	165	19
45	167	14
45	136	17
45	73	10
45	140	10
45	142	10
45	79	17
45	48	11
45	113	14
45	84	16
45	117	19
45	54	13
45	118	11
45	120	10
45	60	11
45	92	16
45	94	14
46	66	18
46	132	12
46	70	16
46	75	11
46	149	18
46	90	15
46	154	18
46	93	14
46	157	19
46	95	19
46	159	13
46	160	18
46	98	14
46	162	14
46	103	15
46	106	16
46	107	18
46	109	12
46	110	16
46	47	16
46	50	14
46	52	15
46	120	14
46	121	11
46	62	19
47	162	15
47	67	17
47	132	11
47	70	15
47	166	19
47	135	17
47	136	19
47	74	13
47	107	10
47	77	18
47	113	14
47	114	19
47	147	14
47	85	18
47	56	17
47	120	13
47	152	12
47	58	18
47	90	19
47	62	17
47	126	18
47	63	14
48	66	15
48	163	13
48	100	11
48	136	12
48	106	12
48	75	14
48	140	13
48	79	13
48	113	12
48	145	13
48	148	11
48	85	16
48	117	12
48	119	19
48	151	10
48	88	17
48	120	15
48	57	15
48	122	12
48	91	18
48	93	10
48	126	14
48	127	15
49	162	16
49	163	19
49	164	11
49	136	13
49	137	19
49	108	11
49	78	17
49	80	10
49	81	19
49	113	14
49	51	16
49	83	12
49	147	17
49	53	19
49	149	15
49	118	12
49	151	11
49	88	15
49	60	14
49	124	15
49	125	16
49	159	16
50	130	19
50	67	11
50	71	17
50	135	13
50	72	10
50	75	11
50	139	14
50	82	15
50	146	16
50	147	15
50	84	12
50	150	12
50	151	11
50	153	12
50	154	15
50	93	11
50	159	10
50	97	10
50	161	10
50	98	12
50	103	18
50	105	11
50	106	17
50	109	17
50	118	11
50	120	11
50	122	16
51	132	19
51	164	12
51	70	11
51	134	10
51	71	16
51	167	10
51	136	18
51	105	18
51	76	13
51	109	15
51	78	15
51	110	14
51	142	11
51	144	19
51	113	13
51	82	15
51	53	19
51	118	12
51	92	17
51	61	14
51	93	13
51	125	10
51	62	18
51	159	10
52	130	11
52	68	14
52	138	10
52	76	15
52	143	13
52	144	19
52	145	15
52	146	19
52	147	12
52	85	13
52	149	17
52	87	11
52	153	13
52	156	13
52	95	16
52	159	17
52	161	14
52	162	16
52	100	11
52	164	11
52	166	13
52	103	12
52	104	17
52	53	14
52	123	13
52	60	10
52	124	19
52	63	11
53	98	13
53	130	17
53	162	17
53	68	12
53	134	11
53	71	13
53	104	16
53	137	12
53	141	10
53	111	13
53	81	13
53	114	17
53	117	18
53	149	16
53	151	15
53	154	18
53	124	14
53	125	19
53	126	15
53	63	13
53	159	17
54	131	17
54	132	11
54	133	10
54	70	19
54	137	18
54	139	19
54	140	11
54	77	10
54	141	19
54	78	12
54	82	14
54	86	16
54	87	19
54	155	15
54	159	14
54	162	17
54	103	18
54	168	18
54	112	10
54	114	11
54	55	17
54	120	10
54	121	19
54	62	10
54	126	13
54	127	10
55	65	14
55	129	15
55	66	17
55	68	19
55	164	15
55	101	11
55	102	17
55	168	16
55	105	16
55	139	19
55	77	13
55	110	19
55	79	10
55	80	10
55	144	18
55	114	11
55	86	14
55	119	16
55	152	15
55	89	12
55	154	12
55	62	10
55	127	16
56	128	19
56	129	18
56	66	19
56	131	10
56	69	14
56	135	15
56	76	14
56	141	11
56	78	19
56	88	13
56	98	15
56	99	14
56	165	11
56	102	16
56	103	10
56	104	15
56	168	10
56	105	13
56	106	16
56	107	10
56	110	11
56	119	13
56	122	10
56	61	19
56	126	14
56	63	16
56	127	11
57	129	13
57	161	15
57	130	17
57	67	16
57	163	10
57	69	15
57	133	15
57	102	16
57	72	17
57	138	15
57	78	11
57	143	13
57	114	17
57	84	17
57	148	15
57	85	10
57	121	10
57	90	16
57	60	11
57	127	10
58	66	17
58	130	10
58	131	18
58	132	12
58	138	16
58	141	12
58	142	13
58	144	18
58	145	16
58	82	13
58	146	18
58	147	11
58	149	15
58	154	11
58	92	11
58	156	18
58	157	19
58	160	11
58	99	18
58	165	17
58	109	16
58	118	19
58	60	15
58	124	13
58	61	12
59	128	19
59	100	16
59	69	12
59	103	16
59	139	16
59	76	19
59	140	11
59	110	10
59	111	12
59	143	12
59	114	13
59	122	14
59	62	13
59	127	13
60	65	15
60	135	19
60	137	13
60	142	19
60	79	17
60	144	17
60	82	18
60	149	10
60	150	11
60	88	19
60	89	10
60	155	10
60	92	19
60	156	11
60	94	12
60	161	10
60	100	14
60	165	13
60	102	14
60	103	11
60	106	15
60	109	16
60	110	16
60	112	14
60	114	18
60	60	11
60	62	17
61	130	16
61	131	19
61	101	13
61	165	11
61	136	14
61	73	18
61	138	11
61	75	12
61	107	15
61	142	11
61	143	15
61	113	13
61	114	15
61	150	10
61	119	11
61	91	19
61	125	15
61	126	17
61	158	19
61	63	16
61	95	16
61	127	14
62	128	10
62	131	12
62	68	17
62	70	18
62	134	14
62	72	17
62	74	13
62	143	11
62	81	16
62	84	17
62	149	18
62	150	16
62	152	11
62	89	15
62	153	18
62	92	12
62	93	19
62	96	10
62	160	13
62	99	13
62	100	11
62	166	18
62	168	19
62	109	10
62	111	15
62	114	18
62	120	16
63	69	17
63	133	19
63	134	12
63	71	16
63	168	13
63	105	18
63	78	16
63	110	16
63	112	14
63	81	14
63	82	15
63	148	10
63	155	10
63	92	17
63	127	15
64	132	17
64	136	17
64	75	17
64	78	16
64	111	13
64	143	19
64	82	19
64	148	19
64	119	11
64	89	15
64	153	15
64	91	19
64	92	16
64	156	11
64	94	16
64	127	11
65	96	18
65	65	13
65	97	12
65	66	19
65	163	18
65	69	18
65	134	10
65	168	14
65	75	14
65	140	12
65	77	17
65	141	10
65	79	19
65	146	16
65	116	19
65	148	12
65	85	10
65	149	19
65	118	18
65	153	13
65	90	17
66	128	11
66	66	12
66	135	13
66	72	16
66	136	16
66	75	17
66	139	12
66	76	16
66	141	10
66	142	13
66	79	13
66	80	17
66	145	18
66	88	18
66	92	12
66	157	11
66	97	17
66	98	11
66	162	11
66	164	15
66	167	12
66	109	13
66	121	16
66	122	10
66	123	10
67	164	14
67	101	16
67	102	14
67	103	17
67	135	17
67	106	16
67	138	19
67	107	15
67	139	14
67	108	19
67	79	17
67	112	13
67	114	17
67	117	17
67	119	11
67	88	12
67	120	19
67	152	16
67	154	17
67	123	16
67	155	17
67	92	17
67	125	18
68	97	18
68	101	18
68	165	16
68	70	11
68	134	19
68	71	10
68	167	10
68	73	13
68	74	18
68	75	16
68	140	15
68	77	15
68	141	18
68	83	18
68	148	11
68	86	14
68	150	19
68	87	11
68	88	18
68	153	10
68	95	17
69	131	11
69	101	12
69	167	16
69	168	17
69	140	12
69	142	14
69	143	11
69	82	13
69	115	11
69	84	11
69	85	16
69	119	12
69	90	14
69	122	15
69	154	10
69	125	11
69	157	10
69	127	13
70	70	11
70	134	12
70	71	19
70	168	11
70	138	16
70	76	14
70	108	13
70	140	18
70	77	14
70	110	12
70	80	13
70	114	14
70	146	10
70	89	13
70	121	13
71	163	14
71	100	19
71	132	15
71	134	18
71	108	19
71	77	15
71	109	13
71	78	19
71	112	12
71	146	19
71	83	11
71	117	13
71	86	17
71	150	19
71	119	18
71	91	13
71	92	18
71	124	14
71	127	10
72	128	19
72	129	15
72	131	18
72	100	18
72	164	14
72	138	11
72	107	11
72	79	10
72	143	16
72	113	12
72	82	13
72	114	11
72	115	17
72	86	17
72	150	13
72	88	12
72	89	16
72	121	19
72	153	10
72	155	18
72	156	12
72	126	10
72	95	12
72	159	12
73	112	12
73	97	17
73	82	16
73	102	12
73	87	14
73	73	11
73	105	15
73	137	15
73	74	10
73	92	17
73	127	16
73	159	17
74	128	11
74	160	13
74	98	13
74	131	17
74	164	14
74	101	16
74	167	12
74	136	16
74	74	15
74	139	15
74	76	10
74	143	15
74	81	14
74	84	19
74	85	14
74	152	14
74	153	19
74	91	10
74	157	17
74	126	13
75	97	18
75	163	19
75	133	16
75	102	12
75	134	14
75	136	12
75	106	12
75	107	16
75	78	14
75	146	16
75	83	11
75	147	16
75	149	14
75	86	19
75	150	13
75	87	18
75	120	12
75	155	13
75	125	17
75	94	12
75	126	18
76	97	11
76	129	18
76	99	10
76	164	10
76	134	18
76	104	15
76	139	12
76	109	10
76	147	10
76	87	18
76	120	16
76	122	11
76	93	16
76	125	12
76	158	18
76	95	16
76	159	16
77	160	16
77	131	16
77	103	13
77	105	10
77	137	14
77	138	18
77	139	14
77	140	17
77	78	19
77	79	19
77	111	19
77	80	12
77	144	15
77	147	12
77	116	10
77	148	15
77	117	14
77	154	19
77	126	17
78	81	19
78	115	11
78	84	14
78	150	12
78	166	15
78	88	19
78	120	15
78	105	17
78	142	14
78	79	11
78	111	12
79	81	16
79	113	13
79	98	18
79	131	10
79	164	15
79	117	17
79	168	15
79	123	18
79	95	11
79	143	18
80	97	15
80	130	13
80	164	17
80	102	16
80	134	13
80	103	18
80	135	14
80	136	18
80	107	16
80	139	16
80	143	13
80	83	19
80	147	11
80	85	14
80	117	16
80	149	18
80	86	13
80	120	12
80	121	13
80	125	13
80	158	15
80	127	13
81	96	19
81	128	10
81	160	19
81	99	14
81	163	12
81	100	14
81	164	13
81	101	18
81	136	15
81	139	14
81	111	17
81	82	19
81	84	17
81	118	11
81	119	14
81	120	15
81	89	19
81	90	16
81	122	12
81	156	13
81	158	19
82	161	15
82	130	11
82	101	17
82	133	17
82	165	14
82	166	16
82	140	18
82	141	17
82	142	10
82	144	11
82	114	17
82	87	16
82	120	18
82	152	15
82	90	12
82	159	16
83	96	15
83	129	14
83	99	13
83	105	10
83	108	12
83	109	14
83	112	12
83	144	19
83	146	15
83	83	15
83	117	12
83	121	11
83	153	11
83	159	15
84	99	16
84	132	10
84	101	17
84	103	17
84	168	15
84	137	19
84	106	14
84	109	10
84	141	15
84	148	12
84	87	14
84	156	19
84	94	15
84	158	19
84	95	19
85	97	18
85	163	17
85	135	13
85	136	14
85	109	19
85	141	17
85	143	18
85	112	17
85	146	18
85	85	10
85	86	10
85	89	14
85	154	19
85	124	19
85	125	10
86	98	13
86	164	11
86	104	18
86	105	17
86	106	14
86	138	11
86	110	19
86	112	10
86	144	10
86	88	18
86	122	18
86	123	17
86	92	12
86	124	19
86	156	15
86	157	11
86	158	16
86	95	12
86	159	10
87	160	13
87	161	13
87	98	18
87	131	16
87	101	19
87	167	10
87	138	12
87	110	18
87	144	15
87	114	10
87	120	19
87	90	11
87	122	12
87	126	16
88	96	13
88	160	17
88	129	10
88	165	13
88	135	10
88	107	12
88	110	13
88	142	18
88	114	16
88	146	15
88	118	18
88	151	18
88	88	14
88	89	19
88	122	12
88	125	14
88	94	14
89	97	11
89	130	19
89	162	15
89	163	18
89	136	15
89	106	17
89	108	16
89	111	10
89	112	18
89	117	16
89	118	18
89	152	16
89	123	17
89	125	12
90	128	14
90	160	19
90	97	11
90	130	15
90	162	17
90	131	19
90	163	11
90	101	13
90	133	16
90	134	14
90	168	11
90	106	15
90	139	18
90	109	12
90	145	10
90	114	16
90	115	18
90	152	18
90	121	12
90	122	15
90	123	17
90	124	11
90	93	17
90	95	10
91	160	10
91	129	12
91	162	15
91	165	19
91	102	11
91	136	17
91	142	15
91	144	13
91	145	12
91	147	12
91	116	11
91	118	12
91	119	16
91	152	15
91	153	15
91	156	12
91	157	17
91	126	17
91	159	13
92	162	14
92	99	13
92	164	14
92	101	14
92	133	10
92	166	18
92	105	12
92	139	13
92	109	14
92	111	19
92	112	16
92	148	18
92	117	16
92	149	18
92	152	19
92	153	18
92	154	11
92	126	11
93	128	17
93	163	10
93	164	17
93	133	19
93	166	17
93	139	19
93	141	15
93	113	13
93	114	13
93	149	15
93	150	11
93	119	10
93	152	10
93	155	11
93	156	19
93	127	15
94	161	13
94	130	15
94	115	16
94	147	12
94	117	17
94	102	15
94	150	16
94	119	15
94	168	16
94	153	15
94	126	12
95	160	17
95	161	11
95	162	11
95	99	16
95	133	18
95	103	15
95	136	18
95	139	19
95	110	14
95	114	10
95	118	13
95	154	10
95	126	15
95	95	13
95	159	13
96	97	19
96	129	12
96	131	11
96	163	14
96	102	19
96	103	12
96	139	13
96	108	11
96	109	18
96	143	15
96	112	11
96	145	14
96	148	10
96	149	13
96	150	11
96	153	19
97	128	15
97	97	19
97	98	16
97	166	18
97	167	16
97	105	19
97	107	19
97	139	15
97	109	15
97	141	16
97	112	10
97	145	14
97	146	17
97	118	19
97	150	14
97	126	14
98	129	16
98	98	19
98	134	14
98	136	13
98	109	11
98	144	18
98	148	10
98	120	10
98	121	19
98	155	17
98	156	19
98	157	18
98	126	19
99	162	15
99	163	15
99	150	11
99	103	11
99	105	11
99	121	13
99	137	19
99	106	14
99	122	13
99	125	12
100	128	18
100	105	18
100	138	15
100	139	14
100	111	18
100	143	16
100	118	15
100	151	17
100	153	14
100	154	13
100	156	13
100	158	14
100	159	12
101	112	17
101	128	15
101	114	16
101	101	17
101	134	12
101	105	10
101	121	12
101	139	13
101	124	13
101	141	13
102	102	17
102	103	12
102	135	12
102	105	15
102	106	16
102	110	11
102	142	16
102	113	10
102	114	14
102	146	15
102	148	11
102	149	13
102	150	11
102	159	12
103	161	13
103	131	16
103	133	15
103	105	15
103	139	13
103	108	15
103	109	16
103	141	14
103	113	17
103	114	18
103	146	16
103	148	10
103	151	11
103	153	11
103	124	16
103	156	15
103	126	17
104	163	11
104	165	19
104	134	13
104	168	10
104	142	16
104	111	17
104	114	17
104	116	10
104	118	11
104	150	18
104	119	16
104	152	14
104	122	11
104	154	19
104	157	19
105	112	12
105	162	12
105	115	12
105	131	13
105	117	12
105	118	15
105	151	13
105	137	11
105	123	13
105	126	18
106	129	19
106	162	18
106	133	16
106	165	13
106	139	12
106	140	11
106	144	18
106	115	17
106	118	14
106	150	10
106	120	13
106	152	10
106	153	10
106	122	10
106	157	17
107	129	11
107	162	10
107	132	17
107	164	12
107	137	19
107	147	13
107	150	12
107	120	13
107	154	17
107	123	12
107	124	15
107	125	18
107	126	14
108	128	15
108	132	14
108	164	17
108	108	10
108	140	10
108	142	13
108	112	10
108	116	12
108	150	19
108	120	12
108	122	12
108	124	10
108	125	16
108	159	18
109	132	19
109	136	10
109	139	12
109	141	14
109	111	18
109	112	12
109	144	15
109	114	12
109	146	17
109	115	10
109	148	12
109	117	19
109	120	17
109	154	18
109	156	15
109	126	15
110	162	18
110	132	10
110	166	14
110	120	18
110	168	18
110	139	10
110	141	10
110	157	10
110	111	14
111	160	11
111	162	10
111	165	18
111	137	12
111	139	13
111	111	13
111	114	11
111	146	17
111	115	19
111	117	16
111	149	10
111	150	19
111	156	15
111	157	13
112	130	16
112	117	19
112	135	17
112	151	16
112	137	19
112	154	13
112	123	13
112	157	12
112	126	19
112	142	10
113	114	18
113	131	11
113	147	15
113	116	11
113	132	10
113	165	12
113	134	13
113	150	11
113	136	15
113	156	18
113	143	16
114	129	18
114	130	16
114	165	12
114	118	18
114	119	17
114	136	12
114	124	13
114	141	17
114	159	12
115	148	11
115	165	17
115	151	10
115	168	12
115	137	15
115	122	13
115	154	19
115	125	12
115	126	12
116	145	12
116	161	19
116	130	10
116	146	17
116	162	17
116	131	13
116	148	12
116	133	14
116	122	10
116	157	17
117	160	11
117	132	10
117	164	16
117	139	10
117	140	14
117	145	12
117	147	17
117	117	15
117	149	14
117	151	10
117	154	11
117	123	18
117	156	14
117	125	15
117	158	15
117	159	19
118	144	13
118	145	19
118	161	13
118	163	10
118	150	13
118	151	18
118	121	12
118	137	18
118	138	11
118	124	13
118	157	16
119	130	15
119	147	16
119	148	11
119	134	14
119	150	19
119	167	17
119	153	14
119	122	11
119	125	10
119	126	19
120	145	12
120	130	19
120	163	15
120	168	15
120	153	13
120	122	17
120	138	12
120	125	12
120	157	10
120	158	18
121	128	16
121	140	14
121	126	14
122	160	16
122	129	18
122	130	14
122	146	13
122	148	14
122	149	17
122	136	13
122	140	19
122	126	12
122	158	14
123	128	17
123	133	17
123	149	10
123	152	14
123	168	14
123	137	14
123	138	16
123	156	14
123	142	15
124	160	18
124	129	16
124	134	19
124	150	11
124	135	14
124	136	18
124	153	12
124	138	15
124	125	16
124	126	17
125	161	10
125	130	16
125	131	19
125	132	10
125	164	13
125	138	13
125	154	19
126	144	16
126	163	15
126	164	18
126	139	15
126	159	16
127	144	13
127	130	10
127	134	10
127	136	11
127	152	13
127	157	17
127	127	17
128	160	11
128	163	12
128	148	17
128	165	17
128	150	18
128	167	17
128	152	12
128	139	11
128	156	16
128	158	10
129	129	14
129	130	14
129	132	11
129	150	10
129	152	18
129	137	16
130	144	12
130	150	11
130	151	19
130	137	15
130	157	13
130	143	15
131	162	14
131	163	19
131	168	19
131	137	17
131	142	12
132	160	19
132	162	18
132	163	15
132	132	17
132	134	10
132	136	18
132	168	17
132	138	13
132	140	18
132	141	11
132	143	10
132	151	18
132	154	10
132	155	16
133	148	17
133	149	12
133	136	19
133	168	15
133	139	16
133	156	16
133	158	19
133	143	15
134	162	17
134	163	19
134	149	17
134	167	18
134	136	16
134	168	11
134	153	10
134	139	18
135	144	12
135	146	13
135	149	17
135	150	13
135	135	10
135	167	10
135	153	16
135	154	19
135	139	18
135	155	16
135	157	17
135	159	10
136	145	15
136	166	19
136	152	14
136	168	13
136	157	15
137	144	11
137	167	18
137	168	19
137	154	11
137	140	10
138	162	14
138	164	14
138	166	15
138	138	12
138	139	12
139	144	19
139	162	15
139	147	16
139	163	19
139	150	13
139	167	17
139	168	19
139	142	19
140	144	16
140	145	17
140	163	14
140	150	14
141	145	11
141	161	11
141	146	13
141	147	18
141	163	14
141	150	14
142	144	14
142	163	13
142	149	18
142	150	12
142	167	15
142	157	17
143	144	14
143	145	19
143	164	15
143	165	11
143	153	14
143	154	15
143	155	12
143	156	15
143	158	11
144	160	13
144	149	15
144	152	11
144	154	13
145	163	13
145	149	13
145	167	18
145	168	15
145	153	19
145	154	18
145	156	12
146	163	13
146	164	13
146	151	14
146	153	18
147	160	13
147	162	14
147	163	16
147	156	18
148	167	12
148	156	10
148	157	11
149	166	13
150	162	11
150	150	16
150	151	19
150	153	19
150	155	18
150	159	10
151	151	16
152	160	15
152	164	17
152	153	16
153	160	12
153	154	18
154	159	17
155	167	10
156	160	19
156	164	12
156	156	13
157	160	18
158	163	12
158	164	15
158	166	16
159	163	16
159	166	15
160	161	12
160	162	19
160	164	16
161	167	17
162	167	11
163	164	10
163	167	15
164	164	16
167	168	10
169	192	17
169	193	17
169	194	14
169	195	14
169	196	11
169	169	18
169	170	11
169	171	15
169	172	13
169	173	14
169	174	18
169	175	14
169	176	14
169	177	18
169	178	15
169	179	14
169	180	15
169	181	18
169	182	10
169	183	16
169	184	10
169	185	19
169	186	13
169	187	19
169	188	12
169	189	14
169	190	16
169	191	19
170	192	14
170	193	15
170	194	17
170	195	10
170	196	18
170	170	15
170	171	12
170	172	16
170	173	14
170	174	14
170	175	11
170	176	18
170	177	19
170	178	16
170	179	17
170	180	19
170	181	17
170	182	19
170	183	13
170	184	14
170	185	15
170	186	18
170	187	16
170	188	17
170	189	16
170	190	17
170	191	18
171	192	16
171	193	15
171	194	10
171	195	18
171	196	15
171	171	19
171	172	17
171	173	11
171	174	10
171	175	10
171	176	17
171	177	15
171	178	17
171	179	10
171	180	11
171	181	16
171	182	18
171	183	13
171	184	16
171	185	16
171	186	12
171	187	18
171	188	18
171	189	10
171	190	15
171	191	12
172	192	12
172	193	15
172	194	13
172	195	10
172	196	19
172	172	10
172	173	11
172	174	18
172	175	13
172	176	18
172	177	12
172	178	16
172	179	17
172	180	11
172	181	11
172	182	17
172	183	17
172	184	11
172	185	10
172	186	19
172	187	15
172	188	13
172	189	18
172	190	13
172	191	19
173	192	10
173	193	14
173	194	11
173	195	17
173	196	14
173	173	13
173	174	10
173	175	11
173	176	16
173	177	19
173	178	15
173	179	13
173	180	18
173	181	11
173	182	16
173	183	16
173	184	12
173	185	11
173	186	12
173	187	15
173	188	10
173	189	11
173	190	18
173	191	18
174	192	17
174	193	14
174	194	10
174	195	15
174	196	14
174	174	10
174	175	15
174	176	13
174	177	17
174	178	12
174	179	15
174	180	16
174	181	19
174	182	13
174	183	16
174	184	19
174	185	13
174	186	18
174	187	18
174	188	13
174	189	12
174	190	11
174	191	16
175	192	11
175	193	12
175	194	19
175	195	14
175	196	12
175	175	11
175	176	14
175	177	12
175	178	13
175	179	11
175	180	11
175	181	12
175	182	13
175	183	10
175	184	14
175	185	13
175	186	17
175	187	13
175	188	19
175	189	10
175	190	19
175	191	18
176	192	13
176	193	11
176	194	19
176	195	15
176	196	12
176	176	18
176	177	13
176	178	18
176	179	17
176	180	15
176	181	15
176	182	11
176	183	16
176	184	12
176	185	17
176	186	16
176	187	17
176	188	14
176	189	10
176	190	14
176	191	14
177	192	12
177	193	15
177	194	12
177	195	14
177	196	12
177	177	14
177	178	18
177	179	11
177	180	19
177	181	11
177	182	14
177	183	14
177	184	15
177	185	13
177	186	12
177	187	12
177	188	10
177	189	10
177	190	10
177	191	17
178	192	13
178	193	14
178	194	11
178	195	10
178	196	18
178	178	18
178	179	11
178	180	14
178	181	16
178	182	15
178	183	11
178	184	10
178	185	19
178	186	13
178	187	12
178	188	17
178	189	18
178	190	16
178	191	12
179	192	16
179	193	12
179	194	17
179	195	10
179	196	15
179	179	18
179	180	18
179	181	13
179	182	16
179	183	10
179	184	11
179	185	13
179	186	14
179	187	16
179	188	15
179	189	16
179	190	11
179	191	11
180	192	19
180	193	17
180	194	11
180	195	17
180	196	19
180	180	13
180	181	12
180	182	15
180	183	19
180	184	17
180	185	13
180	186	14
180	187	17
180	188	14
180	189	10
180	190	10
180	191	17
181	192	14
181	193	17
181	194	12
181	195	11
181	196	19
181	181	18
181	182	13
181	183	18
181	184	11
181	185	19
181	186	10
181	187	19
181	188	11
181	189	12
181	190	14
181	191	19
182	192	14
182	193	16
182	194	11
182	195	11
182	196	19
182	182	11
182	183	13
182	184	12
182	185	19
182	186	15
182	187	13
182	188	18
182	189	18
182	190	14
182	191	18
183	192	17
183	193	15
183	194	17
183	195	19
183	196	15
183	183	19
183	184	10
183	185	12
183	186	19
183	187	19
183	188	11
183	189	19
183	190	13
183	191	12
184	192	16
184	193	13
184	194	11
184	195	18
184	196	11
184	184	18
184	185	16
184	186	15
184	187	12
184	188	18
184	189	10
184	190	11
184	191	13
185	192	16
185	193	12
185	194	12
185	195	16
185	196	17
185	185	13
185	186	15
185	187	18
185	188	15
185	189	17
185	190	13
185	191	11
186	192	19
186	193	15
186	194	10
186	195	10
186	196	14
186	186	14
186	187	13
186	188	19
186	189	11
186	190	17
186	191	12
187	192	17
187	193	18
187	194	17
187	195	16
187	196	16
187	187	10
187	188	16
187	189	17
187	190	15
187	191	19
188	192	15
188	193	14
188	194	12
188	195	14
188	196	14
188	188	11
188	189	13
188	190	15
188	191	18
189	192	15
189	193	18
189	194	11
189	195	19
189	196	15
189	189	10
189	190	12
189	191	16
190	192	16
190	193	19
190	194	11
190	195	13
190	196	17
190	190	16
190	191	19
191	192	11
191	193	13
191	194	19
191	195	16
191	196	10
191	191	18
192	192	19
192	193	13
192	194	10
192	195	18
192	196	17
193	193	18
193	194	19
193	195	16
193	196	16
194	194	11
194	195	11
194	196	18
195	195	12
195	196	12
196	196	13
