1	1	36
1	2	16
1	3	8
1	4	2
1	5	19
1	6	28
1	7	43
1	8	32
1	9	16
1	10	1
1	11	27
1	12	4
1	13	17
1	14	12
1	15	27
1	16	27
1	18	10
1	19	9
1	23	20
1	24	32
1	25	16
1	27	25
1	29	10
1	30	23
1	31	25
1	37	10
1	40	4
1	43	21
1	44	31
1	45	20
1	46	8
1	47	3
1	53	32
2	1	1
2	2	24
2	3	37
2	4	47
2	5	45
2	6	27
2	7	36
2	8	13
2	9	0
2	10	13
2	11	13
2	12	1
2	13	36
2	14	42
2	15	3
2	16	9
2	18	31
2	19	2
2	20	12
2	25	8
2	27	26
2	29	10
2	30	15
2	32	28
2	38	18
2	40	0
2	42	4
2	49	0
2	53	10
3	3	6
3	4	6
3	5	31
3	6	5
3	7	26
3	8	28
3	9	4
3	10	48
3	11	22
3	12	2
3	13	0
3	14	17
3	15	25
3	16	29
3	17	2
3	18	23
3	19	9
3	24	15
3	26	13
3	27	27
3	28	15
3	35	24
3	45	29
3	50	5
3	54	3
3	55	9
4	3	31
4	4	18
4	5	18
4	6	47
4	7	13
4	8	14
4	9	32
4	10	15
4	11	47
4	12	36
4	13	30
4	14	34
4	15	27
4	16	32
4	17	8
4	18	25
4	20	24
4	22	27
4	25	15
4	28	19
4	29	16
4	31	34
4	32	10
4	36	28
4	39	0
4	41	24
4	45	28
4	50	5
4	51	19
4	56	1
5	5	36
5	6	10
5	7	18
5	40	31
5	8	18
5	41	3
5	9	36
5	10	29
5	11	35
5	43	0
5	12	17
5	13	16
5	46	0
5	14	43
5	15	31
5	16	6
5	17	21
5	49	34
5	20	34
5	52	25
5	21	27
5	54	31
5	23	16
5	24	13
6	34	7
6	37	17
6	6	24
6	39	8
6	7	26
6	8	12
6	9	31
6	10	49
6	11	45
6	44	23
6	12	14
6	13	18
6	14	47
6	15	2
6	48	29
6	18	15
6	23	9
6	24	33
6	28	30
6	29	16
7	32	19
7	34	9
7	35	26
7	37	11
7	7	21
7	8	43
7	9	44
7	10	0
7	11	13
7	12	43
7	13	28
7	14	44
7	15	2
7	17	22
7	18	16
7	52	20
7	21	13
7	55	23
7	27	12
7	29	17
8	32	16
8	35	16
8	38	22
8	7	23
8	8	11
8	9	12
8	42	21
8	10	17
8	11	7
8	44	9
8	12	39
8	13	41
8	46	2
8	14	8
8	15	26
8	17	31
8	50	28
8	51	13
8	20	0
8	21	29
8	54	14
8	26	32
9	32	3
9	35	21
9	36	30
9	9	26
9	41	9
9	10	1
9	42	10
9	11	19
9	12	10
9	45	14
9	13	33
9	14	44
9	47	27
9	15	17
9	48	0
9	49	30
9	50	25
9	52	5
9	23	6
9	55	14
9	56	16
9	27	9
9	28	30
10	33	22
10	10	22
10	11	8
10	44	31
10	12	0
10	13	7
10	14	34
10	47	29
10	15	4
10	16	30
10	49	19
10	19	34
10	51	16
10	20	0
10	21	20
10	22	9
10	55	7
10	24	2
10	25	14
10	27	20
10	28	12
11	35	18
11	11	43
11	12	25
11	13	28
11	14	45
11	47	5
11	15	34
11	16	12
11	48	7
11	19	32
11	52	4
11	21	5
11	53	0
11	22	31
11	56	28
11	29	28
12	33	1
12	35	27
12	39	8
12	12	3
12	13	4
12	14	15
12	15	38
12	19	19
12	20	30
12	22	27
12	55	21
12	28	2
12	31	2
13	34	18
13	35	15
13	36	3
13	38	15
13	39	7
13	42	16
13	12	4
13	44	8
13	45	14
13	13	46
13	14	36
13	15	44
13	16	5
13	17	25
13	51	6
13	52	20
13	21	27
13	53	4
13	55	21
13	27	22
13	31	31
14	32	30
14	36	22
14	40	22
14	44	17
14	13	10
14	14	32
14	47	34
14	15	36
14	18	30
14	51	20
14	53	16
14	54	26
14	23	20
14	25	10
15	16	19
15	32	26
15	33	4
15	35	12
15	55	1
15	40	8
15	56	2
15	29	4
15	45	22
15	15	45
15	31	30
16	15	17
16	16	5
16	17	6
16	18	43
16	19	28
16	20	8
16	21	38
16	22	30
16	23	48
16	24	3
16	25	38
16	26	36
16	27	2
16	28	40
16	29	34
16	30	27
16	31	3
16	32	17
16	33	6
16	34	18
16	35	7
16	36	43
16	37	41
16	38	30
16	39	3
16	40	0
16	41	43
16	42	0
16	43	38
16	44	14
16	45	30
16	46	21
16	49	18
16	51	34
16	53	13
16	55	11
17	16	19
17	17	15
17	18	32
17	19	37
17	20	36
17	21	32
17	22	11
17	23	6
17	24	38
17	25	23
17	26	6
17	27	44
17	28	49
17	29	48
17	30	21
17	31	4
17	32	46
17	33	28
17	34	21
17	35	11
17	36	28
17	37	14
17	38	41
17	39	40
17	40	43
17	41	31
17	42	34
17	43	46
17	44	23
17	45	48
17	46	9
17	48	26
17	50	27
17	52	2
18	18	22
18	19	24
18	20	6
18	21	22
18	22	44
18	23	33
18	24	25
18	25	12
18	26	13
18	27	47
18	28	44
18	29	11
18	30	17
18	31	4
18	32	27
18	33	38
18	34	36
18	35	35
18	36	12
18	37	28
18	38	46
18	39	40
18	40	35
18	41	38
18	42	11
18	43	41
18	44	24
18	45	19
18	46	33
18	47	18
18	48	23
18	50	7
18	51	15
18	54	29
19	19	29
19	20	42
19	21	10
19	22	24
19	23	40
19	24	20
19	25	4
19	26	46
19	27	35
19	28	23
19	29	0
19	30	23
19	31	37
19	32	36
19	33	44
19	34	7
19	35	26
19	36	29
19	37	44
19	38	40
19	39	30
19	40	10
19	41	9
19	42	38
19	43	28
19	44	42
19	45	42
19	46	44
19	47	26
19	53	32
19	54	13
20	20	17
20	21	7
20	22	34
20	23	29
20	24	40
20	25	36
20	26	13
20	27	39
20	28	23
20	29	1
20	30	6
20	31	30
20	32	32
20	33	2
20	34	40
20	35	23
20	36	22
20	37	9
20	38	13
20	39	7
20	40	39
20	41	46
20	42	19
20	43	3
20	44	3
20	45	46
20	46	13
20	47	9
20	48	17
20	50	7
20	54	17
20	55	31
21	21	45
21	22	3
21	23	40
21	24	27
21	25	7
21	26	40
21	27	31
21	28	26
21	29	21
21	30	10
21	31	0
21	32	11
21	33	31
21	34	29
21	35	6
21	36	22
21	37	13
21	38	31
21	39	15
21	40	44
21	41	38
21	42	36
21	43	6
21	44	5
21	45	49
21	46	24
21	48	20
21	51	3
21	54	26
22	21	32
22	22	43
22	23	44
22	24	20
22	25	46
22	26	7
22	27	16
22	28	13
22	29	45
22	30	23
22	31	34
22	32	41
22	33	29
22	34	34
22	35	11
22	36	0
22	37	41
22	38	47
22	39	31
22	40	49
22	41	39
22	42	7
22	43	43
22	44	18
22	45	8
22	46	8
22	48	18
22	49	34
22	50	22
23	22	0
23	23	42
23	24	7
23	25	30
23	26	49
23	27	38
23	28	22
23	29	4
23	30	13
23	31	6
23	32	45
23	33	42
23	34	6
23	35	38
23	36	41
23	37	34
23	38	41
23	39	13
23	40	48
23	41	43
23	42	48
23	43	6
23	44	48
23	45	31
23	46	27
23	47	24
23	48	3
23	50	19
23	53	0
24	23	3
24	24	45
24	25	5
24	26	2
24	27	15
24	28	48
24	29	11
24	30	42
24	31	31
24	32	40
24	33	25
24	34	25
24	35	36
24	36	20
24	37	0
24	38	42
24	39	41
24	40	15
24	41	48
24	42	4
24	43	28
24	44	49
24	45	1
24	46	35
24	48	1
24	49	23
24	50	17
24	55	29
25	25	4
25	26	8
25	27	39
25	28	30
25	29	7
25	30	13
25	31	31
25	32	44
25	33	27
25	34	46
25	35	45
25	36	7
25	37	1
25	38	22
25	39	29
25	40	28
25	41	32
25	42	49
25	43	34
25	44	29
25	45	14
25	46	13
25	47	12
25	48	28
25	49	15
25	50	28
25	53	33
25	55	34
25	56	0
26	26	16
26	27	38
26	28	46
26	29	41
26	30	29
26	31	18
26	32	14
26	33	36
26	34	26
26	35	32
26	36	16
26	37	24
26	38	47
26	39	42
26	40	2
26	41	15
26	42	44
26	43	32
26	44	12
26	45	6
26	46	1
26	47	13
26	50	34
26	52	33
26	55	9
27	26	6
27	27	42
27	28	37
27	29	2
27	30	0
27	31	16
27	32	36
27	33	0
27	34	19
27	35	48
27	36	32
27	37	13
27	38	45
27	39	40
27	40	15
27	41	24
27	42	36
27	43	33
27	44	21
27	45	37
27	46	46
27	47	10
27	49	31
27	50	19
27	51	7
27	55	29
27	56	20
28	32	37
28	33	25
28	34	43
28	35	16
28	36	34
28	37	31
28	38	27
28	39	26
28	40	28
28	41	28
28	42	34
28	43	5
28	44	26
28	45	25
28	46	25
28	49	29
28	28	30
28	29	9
28	30	26
28	31	3
29	32	6
29	33	28
29	34	6
29	35	14
29	36	43
29	37	9
29	38	9
29	39	10
29	40	21
29	41	29
29	42	42
29	43	10
29	44	33
29	45	47
29	46	4
29	48	25
29	54	16
29	56	12
29	28	27
29	29	36
29	30	43
29	31	35
30	32	12
30	33	6
30	34	5
30	35	30
30	36	38
30	37	42
30	38	27
30	39	47
30	40	25
30	41	14
30	42	20
30	43	13
30	44	5
30	45	2
30	46	14
30	51	19
30	29	4
30	30	19
30	31	7
31	32	33
31	33	31
31	34	10
31	35	9
31	36	23
31	37	36
31	38	49
31	39	5
31	40	29
31	41	4
31	42	13
31	43	7
31	44	44
31	45	31
31	46	25
31	47	25
31	50	30
31	52	26
31	54	30
31	55	24
31	31	9
32	32	21
32	33	44
32	34	44
32	35	9
32	36	25
32	37	10
32	38	29
32	39	47
32	40	4
32	41	0
32	42	20
32	43	17
32	44	42
32	45	18
32	46	5
32	48	26
32	51	0
32	55	11
32	56	28
33	33	41
33	34	40
33	35	17
33	36	18
33	37	38
33	38	49
33	39	25
33	40	18
33	41	45
33	42	43
33	43	41
33	44	46
33	45	11
33	46	5
33	48	10
33	49	24
33	52	18
33	55	22
34	34	40
34	35	3
34	36	23
34	37	36
34	38	18
34	39	22
34	40	4
34	41	12
34	42	17
34	43	15
34	44	11
34	45	9
34	46	48
34	53	5
34	54	29
34	55	10
35	34	34
35	35	27
35	36	20
35	37	0
35	38	41
35	39	17
35	40	0
35	41	12
35	42	27
35	43	5
35	44	43
35	45	35
35	46	48
35	48	23
35	50	3
35	52	30
35	55	24
36	36	23
36	37	45
36	38	26
36	39	2
36	40	35
36	41	32
36	42	1
36	43	17
36	44	39
36	45	23
36	46	17
36	47	7
36	50	9
37	37	20
37	38	19
37	39	9
37	40	40
37	41	29
37	42	20
37	43	19
37	44	17
37	45	8
37	46	25
37	52	25
37	53	20
37	55	19
38	48	32
38	37	13
38	38	24
38	39	32
38	40	37
38	41	13
38	42	11
38	43	48
38	44	18
38	45	7
38	46	3
38	47	18
39	48	18
39	51	15
39	39	35
39	40	46
39	41	3
39	42	13
39	43	7
39	44	49
39	45	47
39	46	12
39	47	9
40	50	22
40	54	8
40	40	15
40	41	13
40	42	3
40	43	28
40	44	18
40	45	16
40	46	6
41	50	6
41	51	23
41	53	8
41	55	19
41	40	23
41	41	15
41	42	28
41	43	3
41	44	28
41	45	12
41	46	9
42	51	9
42	41	17
42	42	11
42	43	34
42	44	0
42	45	21
42	46	44
43	53	1
43	43	20
43	44	47
43	45	14
43	46	43
43	47	34
44	49	30
44	52	29
44	43	26
44	44	2
44	45	44
44	46	37
45	49	31
45	50	16
45	52	21
45	56	9
45	45	4
45	46	48
46	51	0
46	52	19
46	46	44
46	47	5
47	48	22
47	49	4
47	50	22
47	51	44
47	52	20
47	53	20
47	54	36
47	55	1
47	56	30
47	57	20
47	47	30
48	48	25
48	49	35
48	50	43
48	51	3
48	52	35
48	53	35
48	54	14
48	55	23
48	56	40
48	57	32
48	47	9
49	49	15
49	50	19
49	51	45
49	52	7
49	53	45
49	54	18
49	55	47
49	56	24
49	57	0
50	50	34
50	51	32
50	52	19
50	53	49
50	54	25
50	55	7
50	56	48
50	57	49
51	51	24
51	52	39
51	53	8
51	54	30
51	55	34
51	56	1
51	57	17
52	52	31
52	53	14
52	54	0
52	55	48
52	56	28
52	57	37
53	53	5
53	54	2
53	55	1
53	56	30
53	57	2
54	54	19
54	55	22
54	56	13
54	57	48
55	55	13
55	56	16
55	57	25
56	56	45
56	57	35
57	57	18
